id,title,image,alt,author
1,Диагностика двигателя,ug-diagnostika-dvigatelya.jpg,СТО «АЗР Южный» Харьков – диагностика двигателя,AZR
2,Диагностика перед покупкой,ug-diagnostika-pered-pokupkoj.jpg,СТО «АЗР Южный» Харьков – диагностика перед покупкой,AZR
3,Диагностика подвески,ug-diagnostika-podveski.jpg,СТО «АЗР Южный» Харьков – диагностика подвески,AZR
4,Замена амортизаторов,ug-zamena-amortizatorov.jpg,СТО «АЗР Южный» Харьков – замена амортизаторов,AZR
5,Замена масла,ug-zamena-masla.jpg,СТО «АЗР Южный» Харьков – замена масла,AZR
6,Замена ремня ГРМ,ug-zamena-remnya-grm.jpg,СТО «АЗР Южный» Харьков – замена ремня ГРМ,AZR
7,Замена ремня ГРМ FORD ECOBOOST, DURATORQ,ug-zamena-remnya-grm-ford-ecoboost-duratorq.jpg,СТО «АЗР Южный» Харьков – замена ремня ГРМ Ford Ecoboost, Duratorq,AZR
8,Замена сцепления DSG,ug-zamena-scepleniya-dsg.jpg,СТО «АЗР Южный» Харьков – замена сцепления DSG,AZR
9,Замена сцепления Power Shift DP6,ug-zamena-scepleniya-power-shift-dp6.jpg,СТО «АЗР Южный» Харьков – замена сцепления Power shift DP6,AZR
10,Замена цепи ГРМ,ug-zamena-cepi-grm.jpg,СТО «АЗР Южный» Харьков – замена цепи ГРМ,AZR
11,Компьютерная диагностика,ug-kompyuternaya-diagnostika.jpg,СТО «АЗР Южный» Харьков – компьютерная диагностика,AZR
12,Отопитель Webasto,ug-otopitel-webasto.jpg,СТО «АЗР Южный» Харьков – отопитель webasto,AZR
13,Промывка сажевого фильтра,ug-promyvka-sazhevogo-filtra.jpg,СТО «АЗР Южный» Харьков – промывка сажевого фильтра,AZR
14,Ремонт 651 двигателя Mercedes,ug-remont-651-dvigatelya-mercedes.jpg,СТО «АЗР Южный» Харьков – ремонт 651 двигателя Mercedes,AZR
15,Ремонт АБС,ug-remont-abs.jpg,СТО «АЗР Южный» Харьков – ремонт АБС,AZR
16,Ремонт двигателя,ug-remont-dvigatelya.jpg,СТО «АЗР Южный» Харьков – ремонт двигателя,AZR
17,Ремонт инжектора,ug-remont-inzhektora.jpg,СТО «АЗР Южный» Харьков – ремонт инжектора,AZR
18,Ремонт коробки передач DSG 7,ug-remont-korobki-peredach-dsg-7.jpg,СТО «АЗР Южный» Харьков – ремонт коробки передач DSG 7,AZR
19,Ремонт МКПП,ug-remont-mkpp.jpg,СТО «АЗР Южный» Харьков – ремонт мкпп,AZR
20,Ремонт рулевого управления,ug-remont-rulevogo-upravleniya.jpg,СТО «АЗР Южный» Харьков – ремонт рулевого управления,AZR
21,Ремонт системы кондиционирования,ug-remont-sistemy-kondicionirovaniya.jpg,СТО «АЗР Южный» Харьков – ремонт системы кондиционирования,AZR
22,Ремонт топливных систем,ug-remont-toplivnyh-sistem.jpg,СТО «АЗР Южный» Харьков – ремонт топливных систем,AZR
23,Ремонт тормозной системы,ug-remont-tormoznoj-sistemy.jpg,СТО «АЗР Южный» Харьков – ремонт тормозной системы,AZR
24,Ремонт ходовой,ug-remont-hodovoj.jpg,СТО «АЗР Южный» Харьков – ремонт ходовой,AZR
25,Ремонт электрики,ug-remont-ehlektriki.jpg,СТО «АЗР Южный» Харьков – ремонт электрики,AZR
26,Удаление сажевого фильтра,ug-udalenie-sazhevogo-filtra.jpg,СТО «АЗР Южный» Харьков – удаление сажевого фильтра,AZR
27,Чистка впускных каналов ГБЦ,ug-chistka-vpusknyh-kanalov-gbc.jpg,СТО «АЗР Южный» Харьков – чистка впускных каналов ГБЦ,AZR
28,Восстановление мехатроника DSG 7 VAG,vosstanovlenie-mekhatronika-dsg-7-vag.jpg,СТО «АЗР Южный» Харьков – восстановление мехатроника DSG 7 VAG,AZR
29,СТО «АЗР Южный» – ремонт легковых и комерческих автомобилей в Харькове,sto-azr.jpg,СТО «АЗР Южный» – ремонт легковых и комерческих автомобилей в Харькове,AZR
30,Виды работ,vidi-rabot.jpg,СТО «АЗР Южный» Харьков – выды работ,AZR
31,Логотип,azr-logo.png,СТО «АЗР Южный» Харьков – логотип,AZR
32,Автосервис,ug-avtoservis-harkov.jpg,СТО «АЗР Южный» Харьков – автосервис,AZR
33,Техобслуживание,ug-tekhobsluzhivanie.jpg,СТО «АЗР Южный» Харьков – техобслуживание,AZR
34,Капитальный ремонт,ug-kapitalynyi-remont-avtomobilya.jpg,СТО «АЗР Южный» Харьков – капитальный ремонт,AZR
35,Вакансии,ug-vakansii.jpg,СТО «АЗР Южный» Харьков – вакансии,AZR
51,Ремонт и обслуживание Acura (Акура),logo-acura.png,Ремонт и обслуживание Acura (Акура),AZR Marki
52,Ремонт и обслуживание Audi (Ауди),logo-audi.png,Ремонт и обслуживание Audi (Ауди),AZR Marki
53,Ремонт и обслуживание BMW (БМВ),logo-bmw.png,Ремонт и обслуживание BMW (БМВ),AZR Marki
54,Ремонт и обслуживание Ford (Форд),logo-ford.png,Ремонт и обслуживание Ford (Форд),AZR Marki
55,Ремонт и обслуживание Honda (Хонда),logo-honda.png,Ремонт и обслуживание Honda (Хонда),AZR Marki
56,Ремонт и обслуживание Hyundai (Хюндай),logo-hyundai.png,Ремонт и обслуживание Hyundai (Хюндай),AZR Marki
57,Ремонт и обслуживание Infiniti (Инфинити),logo-infiniti.png,Ремонт и обслуживание Infiniti (Инфинити),AZR Marki
58,Ремонт и обслуживание KIA (КИА),logo-kia.png,Ремонт и обслуживание KIA (КИА),AZR Marki
59,Ремонт и обслуживание Lexus (Лексус),logo-lexus.png,Ремонт и обслуживание Lexus (Лексус),AZR Marki
60,Ремонт и обслуживание Mazda (Мазда),logo-mazda.png,Ремонт и обслуживание Mazda (Мазда),AZR Marki
61,Ремонт и обслуживание Mercedes (Мерседес),logo-mercedes.png,Ремонт и обслуживание Mercedes (Мерседес),AZR Marki
62,Ремонт и обслуживание Mitsubishi (Митсубиши),logo-mitsubishi.png,Ремонт и обслуживание Mitsubishi (Митсубиши),AZR Marki
63,Ремонт и обслуживание Nissan (Ниссан),logo-nissan.png,Ремонт и обслуживание Nissan (Ниссан),AZR Marki
64,Ремонт и обслуживание Porsche (Порш),logo-porsche.png,Ремонт и обслуживание Porsche (Порш),AZR Marki
65,Ремонт и обслуживание Seat (Сеат),logo-seat.png,Ремонт и обслуживание Seat (Сеат),AZR Marki
66,Ремонт и обслуживание Skoda (Шкода),logo-skoda.png,Ремонт и обслуживание Skoda (Шкода),AZR Marki
67,Ремонт и обслуживание Toyota (Тойота),logo-toyota.png,Ремонт и обслуживание Toyota (Тойота),AZR Marki
<<<<<<< HEAD
68,Ремонт и обслуживание Volkswagen (Фольксваген),logo-volkswagen.png,Ремонт и обслуживание Volkswagen (Фольксваген),AZR Marki
69,Замена ремня ГРМ,zamena_remnya_grm_yuzniy.jpg,СТО «АЗР Южный» Харьков – замена ремня ГРМ,AZR
70,Замена ремня ГРМ,zamena-zepi-grm-1_2.jpg,СТО «АЗР Южный» Харьков – замена ремня ГРМ,AZR
71,Ремонт 651 двигателя Mercedes,provernutyj_korennoj_vkladysh-1.jpg,СТО «АЗР Южный» Харьков – ремонт 651 двигателя Mercedes,AZR
72,Ремонт 651 двигателя Mercedes,provernutyj_korennoj_vkladysh-2.jpg,СТО «АЗР Южный» Харьков – ремонт 651 двигателя Mercedes,AZR
73,Ремонт 651 двигателя Mercedes,provernutyj_korennoj_vkladysh-3.jpg,СТО «АЗР Южный» Харьков – ремонт 651 двигателя Mercedes,AZR
74,Ремонт 651 двигателя Mercedes,provernutyj_korennoj_vkladysh-4.jpg,СТО «АЗР Южный» Харьков – ремонт 651 двигателя Mercedes,AZR
75,Ремонт 651 двигателя Mercedes,provernutyj_korennoj_vkladysh-5.jpg,СТО «АЗР Южный» Харьков – ремонт 651 двигателя Mercedes,AZR
76,Ремонт 651 двигателя Mercedes,provernutyj_korennoj_vkladysh-6.jpg,СТО «АЗР Южный» Харьков – ремонт 651 двигателя Mercedes,AZR
77,Ремонт 651 двигателя Mercedes,provernutyj_korennoj_vkladysh-7.jpg,СТО «АЗР Южный» Харьков – ремонт 651 двигателя Mercedes,AZR
78,Ремонт 651 двигателя Mercedes,provernutyj_korennoj_vkladysh-8.jpg,СТО «АЗР Южный» Харьков – ремонт 651 двигателя Mercedes,AZR
79,Ремонт 651 двигателя Mercedes,provernutyj_korennoj_vkladysh-9.jpg,СТО «АЗР Южный» Харьков – ремонт 651 двигателя Mercedes,AZR
80,Ремонт 651 двигателя Mercedes,provernutyj_korennoj_vkladysh-10.jpg,СТО «АЗР Южный» Харьков – ремонт 651 двигателя Mercedes,AZR
81,Замена цепи ГРМ,zamena-zepi-grm-2.jpg,СТО «АЗР Южный» Харьков – замена цепи ГРМ,AZR
82,Замена цепи ГРМ,zamena-zepi-grm-1_1.jpg,СТО «АЗР Южный» Харьков – замена цепи ГРМ,AZR
83,Промывка сажевого фильтра,promyvka-sajevogo-filtra-6.jpg,СТО «АЗР Южный» Харьков – промывка сажевого фильтра,AZR
84,Промывка сажевого фильтра,promyvka-sajevogo-filtra-2.jpg,СТО «АЗР Южный» Харьков – промывка сажевого фильтра,AZR
85,Промывка сажевого фильтра,promyvka-sajevogo-filtra-3.jpg,СТО «АЗР Южный» Харьков – промывка сажевого фильтра,AZR
86,Промывка сажевого фильтра,promyvka-sajevogo-filtra-4.jpg,СТО «АЗР Южный» Харьков – промывка сажевого фильтра,AZR
87,Промывка сажевого фильтра,promyvka-sajevogo-filtra-5.jpg,СТО «АЗР Южный» Харьков – промывка сажевого фильтра,AZR
88,Промывка сажевого фильтра,promyvka-sajevogo-filtra-7.jpg,СТО «АЗР Южный» Харьков – промывка сажевого фильтра,AZR
89,Промывка сажевого фильтра,promyvka-sajevogo-filtra-8.jpg,СТО «АЗР Южный» Харьков – промывка сажевого фильтра,AZR
90,Удаление сажевого фильтра,udalenie-sazhevogo-filytra-1.jpg,СТО «АЗР Южный» Харьков – удаление сажевого фильтра,AZR
91,Удаление сажевого фильтра,udalenie-sazhevogo-filytra-2.jpg,СТО «АЗР Южный» Харьков – удаление сажевого фильтра,AZR
92,Удаление сажевого фильтра,udalenie-sazhevogo-filytra-3.jpg,СТО «АЗР Южный» Харьков – удаление сажевого фильтра,AZR
93,Удаление сажевого фильтра,udalenie-sazhevogo-filytra-4.jpg,СТО «АЗР Южный» Харьков – удаление сажевого фильтра,AZR
94,Замена ремня ГРМ FORD ECOBOOST, DURATORQ,zamena-remnya-grm-ford-ecoboost-duratorq-1.jpg,СТО «АЗР Южный» Харьков – замена ремня ГРМ Ford Ecoboost и Duratorq,AZR
95,Замена ремня ГРМ FORD ECOBOOST, DURATORQ,zamena-remnya-grm-ford-ecoboost-duratorq-2.jpg,СТО «АЗР Южный» Харьков – замена ремня ГРМ Ford Ecoboost и Duratorq,AZR
96,Замена ремня ГРМ FORD ECOBOOST, DURATORQ,zamena-remnya-grm-ford-ecoboost-duratorq-3.jpg,СТО «АЗР Южный» Харьков – замена ремня ГРМ Ford Ecoboost и Duratorq,AZR
97,Замена ремня ГРМ FORD ECOBOOST, DURATORQ,zamena-remnya-grm-ford-ecoboost-duratorq-4.jpg,СТО «АЗР Южный» Харьков – замена ремня ГРМ Ford Ecoboost и Duratorq,AZR
98,Замена ремня ГРМ FORD ECOBOOST, DURATORQ,zamena-remnya-grm-ford-ecoboost-duratorq-5.jpg,СТО «АЗР Южный» Харьков – замена ремня ГРМ Ford Ecoboost и Duratorq,AZR
99,Замена ремня ГРМ FORD ECOBOOST, DURATORQ,zamena-remnya-grm-ford-ecoboost-duratorq-6.jpg,СТО «АЗР Южный» Харьков – замена ремня ГРМ Ford Ecoboost и Duratorq,AZR
100,Замена ремня ГРМ FORD ECOBOOST, DURATORQ,zamena-remnya-grm-ford-ecoboost-duratorq-7.jpg,СТО «АЗР Южный» Харьков – замена ремня ГРМ Ford Ecoboost и Duratorq,AZR
101,Замена амортизаторов,zamena-amortizatorov-toptool_1.jpg,СТО «АЗР Южный» Харьков – замена амортизаторов,AZR
102,Замена сцепления Power Shift DP6,ug-zamena-scepleniya-power-shift-dp6-1.jpg,СТО «АЗР Южный» Харьков – замена сцепления Power shift DP6,AZR
103,Замена сцепления Power Shift DP6,ug-zamena-scepleniya-power-shift-dp6-2.jpg,СТО «АЗР Южный» Харьков – замена сцепления Power shift DP6,AZR
104,Замена сцепления Power Shift DP6,ug-zamena-scepleniya-power-shift-dp6-3.jpg,СТО «АЗР Южный» Харьков – замена сцепления Power shift DP6,AZR
105,Чистка впускных каналов ГБЦ,chistka-vpusknyh-kanalov-GBC-1.jpg,СТО «АЗР Южный» Харьков – чистка впускных каналов ГБЦ,AZR
106,Чистка впускных каналов ГБЦ,chistka-vpusknyh-kanalov-GBC-2.jpg,СТО «АЗР Южный» Харьков – чистка впускных каналов ГБЦ,AZR
107,Чистка впускных каналов ГБЦ,chistka-vpusknyh-kanalov-GBC-3.jpg,СТО «АЗР Южный» Харьков – чистка впускных каналов ГБЦ,AZR
108,Чистка впускных каналов ГБЦ,chistka-vpusknyh-kanalov-GBC-4.jpg,СТО «АЗР Южный» Харьков – чистка впускных каналов ГБЦ,AZR
109,PWA,android-chrome-512x512.png,PWA,AZR
110,PWA,android-chrome-192x192.png,PWA,AZR
111,PWA,mstile-150x150.png,PWA,AZR
=======
68,Ремонт и обслуживание Volkswagen (Фольксваген),logo-volkswagen.png,Ремонт и обслуживание Volkswagen (Фольксваген),AZR Marki
>>>>>>> parent of c5b1940 (new images)
